26  26  26  26
26  26  26  26
26  26  26  26
26  26  26  26  
Answer: 0
42  
Answer: 0
20  20  20  20  20  20  20  20  20  20  20  20  20  20  20
20  20  20  20  20  20  20  20  20  20  20  20  20  20  20
20  20  20  20  20  20  20  20  20  20  20  20  20  20  20
20  20  20  20  20  20  20  20  20  20  20  20  20  20  20
20  20  20  20  20  20  20  20  20  20  20  20  20  20  20
20  20  20  20  20  20  20  20  20  20  20  20  20  20  20
20  20  20  20  20  20  20  20  20  20  20  20  20  20  20
20  20  20  20  20  20  20  20  20  20  20  20  20  20  20
20  20  20  20  20  20  20  20  20  20  20  20  20  20  20
20  20  20  20  20  20  20  20  20  20  20  20  19  19  19
19  19  19  19  19  19  19  19  19  19  19  19  19  19  19
19  19  19  19  20  19  19  19  19  19  19  19  19  19  19
19  19  19  20  19  19  19  19  19  19  19  19  19  19  19
19  19  19  19  19  20  19  19  19  19  19  19  19  19  19
19  19  19  19  19  19  19  20  19  19  19  19  19  19  19  
Answer: 0
80  80  80  80  80  80  80  80  80  80  80  80
80  80  80  80  80  80  80  80  80  80  80  80
80  80  80  80  80  80  80  80  80  80  80  80
80  80  80  80  80  80  80  80  80  80  80  80
80  80  80  80  80  80  80  80  80  80  80  80
80  80  80  80  80  80  80  80  80  80  80  80
80  80  80  80  80  80  80  80  80  80  80  80
80  80  80  80  80  80  80  80  80  80  80  80
80  80  80  80  80  80  80  80  80  80  80  80
80  79  79  79  79  79  79  79  79  79  79  79
79  79  79  79  79  79  79  79  79  79  79  79
79  79  79  79  79  79  79  79  79  79  79  79  
Answer: 0